435.5041282287149 386.21093533117806 224.24343386599364 520.0151642587115 259.4281073874746 
608.3029574213638 146.97446073088707 253.9798844101859 316.12239355118595 391.75450884216576 
464.8586977090372 318.7401594228793 108.60018217982213 410.01550264338994 412.86782481255216 
374.3862309226302 556.894224761388 81.17709858206781 110.06719305338993 33.218982797061464 
106.8236929270767 474.28170079126664 278.0689705961524 501.0392627710364 238.40683477747524 
200.2400913766637 138.42789865350449 151.09098449485293 370.0134770193385 20.94900531584412 
560.0739398290914 439.2519022533577 104.35106217905562 260.20337516222077 477.87507566787514 
319.0655056045028 512.3777961650549 449.99654645818856 553.4243707158722 65.20818980608179 
501.2369664841852 595.8026074227923 599.1448146590739 163.98506440254647 62.30582310003677 
594.4342902807125 236.8058676185488 279.44839042775385 145.45312247137508 488.0703061659029 
411.54527828603807 453.73237069376074 455.59881169526903 188.04596882768666 532.490149150876 
250.19785893842192 217.66973424601792 452.00061591512537 561.070715684533 97.98104757803559 
506.04509798501135 447.97577694478383 118.1209254923233 246.53958807908344 284.58540364834437 
589.05782471547 30.859217243349505 88.79010981799432 53.33872200881651 272.1587239989469 
490.84353621439266 161.43067637959555 148.01777204997927 104.52873496960085 343.99422318728426 
281.04221221840834 88.3419789215024 351.594850604953 383.77838885237526 24.562344756135218 
121.33780755133135 89.71862435432247 468.6498440814279 112.72562778426972 255.69152833216498 
497.46717177787485 234.83801493826394 405.0638102922466 33.24787616061485 268.9911231527714 
125.57980103178473 565.0599422464775 33.74842397044809 83.10327051551772 207.88801618607175 
604.0499412075529 258.90359248415587 211.65166378548452 397.9502135699883 462.4656035359371 
291.8917373446405 100.78079662068764 466.25167284179076 337.01255443333366 278.37939181345354 
508.67487357926194 143.51615028549514 612.3770982183055 125.15608384563735 533.3765980720419 
398.5583706601819 406.0555480199474 462.4778280793452 614.2755486756042 509.1418304465468 
484.8999560550591 66.21275178342509 540.8596235243201 96.93570792759883 261.9737744987839 
185.8827094319848 252.32348176997553 447.66469565697093 332.3114798728718 574.6947159880369 
561.6276361710911 187.54539428955383 556.1756149656096 367.6558345181703 487.602005101094 
337.1031325017502 48.405240974438904 303.8652990465161 28.68760932991448 313.4628743278 
182.44938352541146 539.0776557914511 561.910271041989 202.20799370285704 467.6792909169137 
444.63065451947233 600.679888686534 169.90072506076237 108.57335199236338 338.83157928237273 
395.00930158526614 38.35789543360961 204.3681477724874 446.89593355643296 207.7461435498454 
