228.48687056096622 409.11001363903216 314.07944397101215 47.40704938527206 495.07935439241794 
187.54672449592124 117.66683973171659 49.49255692390074 198.55652733700634 318.4362450468203 
312.9642839749762 450.374896323506 472.1566619217583 322.9304039434115 31.12547020790251 
416.7286997365061 210.38707581479954 326.42671135362593 124.98825623945253 29.868799656479087 
288.5070372685483 488.8744015902946 400.1695226532366 315.80299737916005 329.1602812490284 
416.3120292366534 81.78617531895986 210.6179101637347 174.36040645031164 243.08993972479436 
237.5056264027651 213.15126741061596 346.03208252903846 199.23069876721743 502.6285835599086 
101.9037225607307 403.3113489338969 102.38050729964203 77.90758980345612 218.14324928399026 
229.8080426984262 338.8048837756188 95.80419216120549 442.1553563000347 409.03355089035017 
22.88167399871193 75.88793947065192 114.59207391492565 471.19689900877444 149.54437603486136 
315.0804562279424 279.8730621008764 419.57243435238576 179.1291793921103 183.44749109212265 
253.59174477392025 69.64217897992464 119.07861287805032 421.2422875434586 140.8797716678328 
359.2158765927803 291.9549954312043 157.9032013741699 57.68280559146526 412.732057555428 
104.21688608521195 498.7088789827445 431.90083588496753 267.943053251302 255.2115448228146 
149.79397702952485 386.34611644489564 298.1872281104684 450.83662655553616 177.2286070395757 
330.4718434520055 488.45141638604616 311.3241311619269 120.86468295091007 12.824741952243526 
348.4269251479979 287.59986534788044 308.65214285253523 411.1746056442202 370.76181862504717 
25.671398283697236 342.1283532955559 462.27400745245023 67.71313966127755 243.49775560553405 
348.78365624592703 258.20121406377626 244.40169773649188 309.79393431875036 222.00635588622052 
461.23958533619344 291.8728893270841 339.2232782998248 194.31009415912825 314.24628686652557 
408.1664818050147 243.43104652880382 214.54684893013138 248.46383877004018 280.59860685951503 
302.37203120972873 224.80867130012055 215.727250727356 387.45902502427157 445.3856063397792 
57.72122830733394 497.020173219474 202.32673220607177 56.471149566256145 299.8323979345585 
364.33288578679986 209.20723429327407 243.21705770465755 91.79881502289766 97.77559321118316 
261.6943334973745 133.8364142409709 461.07381989901705 484.89982437980836 444.3597860336462 
391.7625403673064 407.7995853825925 54.18131904828721 219.57389458625107 262.25737238999574 
89.60681810151654 419.61732019636605 267.9599891071582 90.48608704908405 76.02504447487605 
238.39159386366336 55.68626545090976 375.5106754444727 268.2065606415836 408.56008298298036 
286.797730503603 49.65606219628415 204.66728393738197 258.7105506262116 23.791674879356506 
297.70148916115556 98.7475591210724 106.54919741149654 384.63962673359333 355.3506001445532 
